Lambda	IPR_Exact	IPR_VQE	Entropy_Exact	Entropy_VQE
0,01	24,15394098	24,1539413	1,22183464	1,221834663
0,11	24,39932101	24,39925742	1,224535959	1,224535776
0,21	24,64836801	24,64839399	1,227261752	1,227261806
0,31	24,90113823	24,90110756	1,230012539	1,230012564
0,41	25,15768212	25,15774193	1,232788816	1,232788735
0,51	25,41804297	25,41812254	1,235591055	1,235590838
0,61	25,68225527	25,68227268	1,238419694	1,238419626
0,71	25,95034274	25,95027013	1,241275125	1,241274525
0,81	26,22231605	26,22235769	1,244157691	1,244156219
0,91	26,49817014	26,49817022	1,247067668	1,247067605
1	26,74973751	26,74948677	1,249710251	1,249710432
1,01	26,77788102	26,77778276	1,250005256	1,250004223
1,11	27,06140208	27,06113106	1,25297056	1,252969884
1,21	27,34865972	27,34834798	1,255963575	1,25596214
1,31	27,63954822	27,6395794	1,258984164	1,258988527
1,41	27,93392376	27,93404999	1,262032035	1,262029076
1,51	28,23159744	28,23135506	1,265106714	1,265104679
1,61	28,53232708	28,53264128	1,268207515	1,268208856
1,71	28,83580773	28,83467002	1,271333504	1,271335598
1,81	29,14166063	29,14188005	1,274483462	1,274484286
1,91	29,44942046	29,4497688	1,277655837	1,277655801
2	29,72756875	29,72814859	1,280528554	1,280531662
2,01	29,75852057	29,758178	1,280848698	1,280850047
2,11	30,06827612	30,06814786	1,284059671	1,284061862
2,21	30,3778648	30,37830519	1,287285885	1,287297998
2,31	30,68630496	30,68678232	1,290523895	1,290522048
2,41	30,99243105	30,9926186	1,293769604	1,293767861
2,51	31,29486635	31,29491905	1,297018178	1,297013564
2,61	31,59199291	31,59209188	1,30026395	1,300263392
2,71	31,88191919	31,88188899	1,303500316	1,303499918
2,81	32,16244575	32,16243299	1,306719621	1,306719567
2,91	32,43103006	32,43103003	1,309913043	1,309913045
3	32,66013988	32,66013987	1,312756658	1,312756655
3,01	32,68475164	32,68475153	1,313070462	1,313070458
3,11	32,92027971	32,92024457	1,316180328	1,316180445
3,21	33,13384598	33,1338458	1,319229525	1,31922952
3,31	33,32122621	33,32122623	1,322203236	1,322203238
3,41	33,4777351	33,4777351	1,325084805	1,325084805
3,51	33,59823999	33,59823913	1,327855618	1,32785563
3,61	33,67719974	33,67719974	1,33049499	1,33049499
3,71	33,70873545	33,70873545	1,332980076	1,332980076
3,81	33,68673997	33,68673997	1,335285817	1,335285817
3,91	33,60503161	33,60503161	1,337384924	1,337384923
4	33,47542896	33,47542896	1,339073125	1,339073125
4,01	33,4575558	33,4575558	1,339247915	1,339247916
4,11	33,23863423	33,23863422	1,340843221	1,340843221
4,21	32,9432561	32,94325616	1,342137359	1,342137365
4,31	32,56739901	32,56739899	1,343095204	1,343095205
4,41	32,10836005	32,10836013	1,343680354	1,343680355
4,51	31,56507004	31,56507001	1,3438556	1,343855601
4,61	30,93835916	30,93835916	1,343583507	1,343583507
4,71	30,23114026	30,23114022	1,342827096	1,342827095
4,81	29,44847935	29,44847935	1,341550629	1,341550629
4,91	28,59753188	28,59753188	1,339720465	1,339720465
5	27,78073117	27,78073111	1,337574517	1,337574527
5,01	27,68733697	27,68733704	1,337305978	1,337305978
5,11	26,72847858	26,72847858	1,334280488	1,33428049
5,21	25,73263982	25,73263682	1,330622174	1,330622024
5,31	24,71208985	24,71208986	1,326314928	1,326314927
5,41	23,67915098	23,67915094	1,321349089	1,321349088
5,51	22,64569362	22,64569359	1,315722026	1,315722025
5,61	21,62270006	21,62270006	1,309438525	1,309438525
5,71	20,61992628	20,61992628	1,302510953	1,302510953
5,81	19,64567625	19,64567625	1,294959177	1,294959177
5,91	18,70668931	18,70668933	1,286810245	1,286810247
6	17,89605069	17,89605091	1,278993343	1,278993356
6,01	17,80812954	17,80812953	1,27809783	1,27809783
6,11	16,95365848	16,95365849	1,26886148	1,268861478
6,21	16,14556883	16,14556882	1,259145698	1,2591457
6,31	15,3849565	15,3849565	1,248998906	1,248998916
6,41	14,67191109	14,67191108	1,238472347	1,238472346
6,51	14,0057084	14,00570859	1,227618972	1,227618971
6,61	13,38499321	13,38499317	1,216492361	1,216492363
6,71	12,80794437	12,80794437	1,20514572	1,20514572
6,81	12,27241826	12,27241825	1,193630986	1,193630986
6,91	11,77606892	11,77606892	1,181998058	1,181998058
7	11,360826	11,36082601	1,17146647	1,171466485
7,01	11,31644562	11,31644562	1,170294171	1,170294171
7,11	10,8910695	10,89106952	1,158563413	1,158563413
7,21	10,49749181	10,49749179	1,146846386	1,14684639
7,31	10,13333649	10,13333649	1,135179988	1,135179991
7,41	9,796329917	9,796329929	1,123597323	1,123597338
7,51	9,484320131	9,484320129	1,1121277	1,112127704
7,61	9,195288086	9,195288128	1,100796715	1,100796723
7,71	8,927352601	8,927352615	1,089626404	1,089626402
7,81	8,678770745	8,678770752	1,078635435	1,078635447
7,91	8,447934903	8,447934902	1,06783934	1,067839343
8	8,254131732	8,254131729	1,058299976	1,05829998
8,01	8,233367553	8,23336755	1,057250761	1,057250765
8,11	8,033714562	8,033714561	1,046879717	1,046879714
8,21	7,847737588	7,847737687	1,036733859	1,036733851
8,31	7,674306069	7,674306069	1,026818726	1,026818726
8,41	7,512389099	7,512389099	1,017137998	1,017137998
8,51	7,361047439	7,361047475	1,00769372	1,007693718
8,61	7,219425831	7,219425828	0,998486523	0,998486532
8,71	7,086745693	7,086745739	0,98951582	0,989515873
8,81	6,962298274	6,96229827	0,980779989	0,980779984
8,91	6,845438299	6,845438299	0,972276534	0,972276532
9	6,746264773	6,746264773	0,964819458	0,964819458
9,01	6,735578096	6,735578101	0,964002236	0,964002258
9,11	6,63218222	6,632182222	0,955953274	0,955953278
9,21	6,534762531	6,534762527	0,948125347	0,948125327
9,31	6,442873724	6,442873723	0,94051377	0,940513772
9,41	6,356109268	6,356109268	0,933113564	0,933113563
9,51	6,27409773	6,274097723	0,925919527	0,92591951
9,61	6,196499452	6,196499449	0,918926302	0,918926301
9,71	6,123003548	6,12300355	0,912128433	0,912128427
9,81	6,053325202	6,053325203	0,905520411	0,905520415
9,91	5,987203221	5,987203221	0,899096711	0,899096707
10	5,930535558	5,930535567	0,893468428	0,893468489
10,01	5,924397845	5,924397845	0,892851831	0,892851824
10,11	5,864688759	5,864688758	0,886780313	0,886780316
10,21	5,807873312	5,807873311	0,880876772	0,880876772
10,31	5,753764908	5,753764904	0,875135909	0,875135911
10,41	5,702191555	5,702191561	0,869552529	0,869552532
10,51	5,65299456	5,652994611	0,864121553	0,864121556
10,61	5,606027348	5,606027341	0,858838025	0,858838029
10,71	5,5611544	5,561154399	0,853697116	0,853697115
10,81	5,518250287	5,518250285	0,848694138	0,848694141
10,91	5,477198807	5,477198806	0,843824535	0,843824537
11	5,441747244	5,441747245	0,839552279	0,839552267
11,01	5,437892193	5,437892193	0,839083895	0,839083899
11,11	5,400230406	5,400230406	0,834467945	0,834467945
11,21	5,364120486	5,364120495	0,829972549	0,829972548
11,31	5,329475973	5,329475982	0,825593714	0,825593716
11,41	5,296216371	5,22933756	0,82132758	0,880765888
11,51	5,264266668	5,264273638	0,817170423	0,817208992
11,61	5,2335569	5,148892794	0,81311865	0,851640184
11,71	5,20402175	3,724929066	0,809168796	0,740137823
11,81	5,175600184	5,175600183	0,805317522	0,805317524
11,91	5,148235124	3,421180162	0,801561609	0,798120644
12	5,124465652	3,43011499	0,798260256	1,009609411
12,01	5,121873141	5,121869446	0,797897957	0,797860056
12,11	5,096464183	3,410871346	0,79432358	1,004837268
12,21	5,071961321	3,587345002	0,790835603	0,991988784
12,31	5,048320519	5,048320518	0,787431255	0,787431257
12,41	5,025500422	3,893705393	0,784107871	0,937388387
12,51	5,003462163	4,960315068	0,780862884	0,824625666
12,61	4,982169185	4,966330133	0,777693821	0,784390659
12,71	4,961587076	3,378650378	0,774598304	0,976778762
12,81	4,941683423	3,330448203	0,77157404	0,974692882
12,91	4,922427671	3,310822124	0,768618824	0,971628915
13	4,905627593	3,282904682	0,766016408	0,968847616
13,01	4,903790997	4,903815917	0,765730531	0,765196072
13,11	4,885746191	4,885746196	0,762907116	0,762907043
13,21	4,868267553	3,245215436	0,760146607	0,961700715
13,31	4,851330785	4,851330779	0,757447106	0,757447105
13,41	4,834912909	3,228748198	0,754806785	0,954646941
13,51	4,818992174	3,216357808	0,752223883	0,951311383
13,61	4,80354798	2,509089232	0,7496967	0,946735388
13,71	4,788560806	2,371317188	0,747223601	0,939259175
13,81	4,774012141	2,654773616	0,744803008	0,940866531
13,91	4,759884421	2,358058769	0,7424334	0,934015403
14	4,747515583	2,352864546	0,740343133	0,930729405
14,01	4,746160973	3,16565195	0,740113311	0,742453048
14,11	4,732825957	3,14958798	0,737841326	0,932954681
14,21	4,719864321	2,34113929	0,735616081	0,925043146
14,31	4,707261749	3,120161183	0,733436259	0,727799114
14,41	4,695004622	2,413208612	0,731300589	0,922317838
14,51	4,683079973	2,323775149	0,729207845	0,916664578
14,61	4,671475452	2,318459061	0,727156844	0,914031342
14,71	4,660179292	2,313311924	0,725146442	0,911502018
14,81	4,649180272	3,103551618	0,723175535	0,723092373
14,91	4,63846769	2,303601306	0,721243056	0,906725869
