Num_Particles	Lambda	Num_Layers	Num_Parameters	Energy_Error	Infidelity
4	10	4	64	0,054933021	0,506353115
4	10	5	80	0,047143556	0,48194319
4	10	6	96	0,046606915	0,477411681
4	10	7	112	0,002374247	0,015428341
4	10	8	128	1,06581E-14	-4,44089E-16
4	10	9	144	1,06581E-14	0
4	10	10	160	3,55271E-15	6,66134E-16
4	10	11	176	7,10543E-15	-4,44089E-16
4	10	12	192	7,10543E-15	1,55431E-15
4	10	13	208	1,42109E-14	4,44089E-16
4	10	14	224	1,06581E-14	1,9984E-15
4	10	15	240	7,10543E-15	0
5	10	4	64	0,21763972	0,135736327
5	10	5	80	0,136283136	0,058324632
5	10	6	96	0,042463372	0,010052687
5	10	7	112	0,033472339	0,009203731
5	10	8	128	0,004097696	0,000537077
5	10	9	144	0,000435008	6,1844E-05
5	10	10	160	3,18222E-06	4,87253E-07
5	10	11	176	7,10543E-15	4,44089E-16
5	10	12	192	1,42109E-14	0
5	10	13	208	7,10543E-15	1,9984E-15
5	10	14	224	1,06581E-14	1,11022E-15
5	10	15	240	1,06581E-14	2,22045E-16
6	10	4	64	0,238041437	0,067212851
6	10	5	80	0,08753263	0,019337605
6	10	6	96	0,06111679	0,009971324
6	10	7	112	0,037888109	0,006594582
6	10	8	128	0,013834239	0,002104824
6	10	9	144	0,013267144	0,001966248
6	10	10	160	0,000972258	8,66663E-05
6	10	11	176	0,001102879	0,000110202
6	10	12	192	0,000241271	2,05291E-05
6	10	13	208	2,47177E-06	1,88046E-07
6	10	14	224	7,10543E-15	1,55431E-15
6	10	15	240	2,84217E-14	7,77156E-15
