Lambda	Num_Layers	Num_Parameters	Energy_Error
2	4	64	0,000777903
2	5	80	0,000412751
2	6	96	0,0004559
2	7	112	0,000439503
2	8	128	0,000312421
2	9	144	0,000235238
2	10	160	0,000279315
5	4	64	0,022192012
5	5	80	0,010415849
5	6	96	0,002389396
5	7	112	0,001263316
5	8	128	0,000508542
5	9	144	0,000212574
5	10	160	0,000273344
10	4	64	0,094274665
10	5	80	0,094392446
10	6	96	0,092568509
10	7	112	0,028018524
10	8	128	0,093564156
10	9	144	0,048113282
10	10	160	0,092676546
15	4	64	0,026609138
15	5	80	0,026621729
15	6	96	0,026637729
15	7	112	0,026636191
15	8	128	0,026623342
15	9	144	0,026558449
15	10	160	0,026607113
