N_particles	M_sites	Interaction_Strength_NU_div_J	U_param	IPR	PR
5	4	0,01	0,002	0,030010037	33,32218498
5	4	0,11	0,022	0,029665312	33,70940416
5	4	0,21	0,042	0,029321426	34,10475323
5	4	0,31	0,062	0,028978375	34,50849132
5	4	0,41	0,082	0,028636159	34,92088492
5	4	0,51	0,102	0,028294781	35,34220733
5	4	0,61	0,122	0,027954248	35,77273783
5	4	0,71	0,142	0,027614575	36,21276056
5	4	0,81	0,162	0,02727578	36,66256305
5	4	0,91	0,182	0,026937889	37,12243426
5	4	1	0,2	0,026634588	37,54516505
5	4	1,01	0,202	0,026600936	37,592662
5	4	1,11	0,222	0,026264967	38,07352968
5	4	1,21	0,242	0,025930038	38,56531212
5	4	1,31	0,262	0,025596219	39,06827017
5	4	1,41	0,282	0,025263598	39,582644
5	4	1,51	0,302	0,024932281	40,10864457
5	4	1,61	0,322	0,024602399	40,64644286
5	4	1,71	0,342	0,024274109	41,19615644
5	4	1,81	0,362	0,023947603	41,75783259
5	4	1,91	0,382	0,023623111	42,33142714
5	4	2	0,4	0,023333018	42,85772154
5	4	2,01	0,402	0,02330091	42,91677811
5	4	2,11	0,422	0,022981335	43,51357284
5	4	2,21	0,442	0,022664786	44,12130704
5	4	2,31	0,462	0,022351746	44,73923399
5	4	2,41	0,482	0,022042793	45,36630169
5	4	2,51	0,502	0,021738622	46,00107526
5	4	2,61	0,522	0,021440069	46,64164174
5	4	2,71	0,542	0,021148135	47,28549386
5	4	2,81	0,562	0,020864025	47,9293893
5	4	2,91	0,582	0,020589188	48,5691819
5	4	3	0,6	0,02035119	49,13717494
5	4	3,01	0,602	0,020325359	49,19962204
5	4	3,11	0,622	0,020074628	49,81412456
5	4	3,21	0,642	0,019839496	50,40450559
5	4	3,31	0,662	0,019622967	50,96069402
5	4	3,41	0,682	0,019428631	51,47043112
5	4	3,51	0,702	0,019260778	51,9189823
5	4	3,61	0,722	0,019124518	52,28890064
5	4	3,71	0,742	0,019025911	52,55990102
5	4	3,81	0,762	0,018972119	52,70892637
5	4	3,91	0,782	0,018971549	52,71050906
5	4	4	0,8	0,019024615	52,56348255
5	4	4,01	0,802	0,019034007	52,53754428
5	4	4,11	0,822	0,019170829	52,16258567
5	4	4,21	0,842	0,01939498	51,55973247
5	4	4,31	0,862	0,019721109	50,70708707
5	4	4,41	0,882	0,020165511	49,58961916
5	4	4,51	0,902	0,020745987	48,20209308
5	4	4,61	0,922	0,021481563	46,55154784
5	4	4,71	0,942	0,022392035	44,65873637
5	4	4,81	0,962	0,023497341	42,55800719
5	4	4,91	0,982	0,024816742	40,29537767
5	4	5	1	0,026201873	38,16521128
5	4	5,01	1,002	0,026367863	37,92495362
5	4	5,11	1,022	0,02816563	35,50426486
5	4	5,21	1,042	0,030221201	33,0893537
5	4	5,31	1,062	0,032540992	30,73047068
5	4	5,41	1,082	0,035125917	28,4690075
5	4	5,51	1,102	0,037970931	26,33593601
5	4	5,61	1,122	0,041064951	24,35166642
5	4	5,71	1,142	0,044391188	22,52699338
5	4	5,81	1,162	0,047927835	20,86470223
5	4	5,91	1,182	0,051649065	19,36143453
5	4	6	1,2	0,055132342	18,13817387
5	4	6,01	1,202	0,055526218	18,0095103
5	4	6,11	1,222	0,059529049	16,79852124
5	4	6,21	1,242	0,063626945	15,71661177
5	4	6,31	1,262	0,067790003	14,75143767
5	4	6,41	1,282	0,071989911	13,89083535
5	4	6,51	1,302	0,076200615	13,12325366
5	4	6,61	1,322	0,080398752	12,43800405
5	4	6,71	1,342	0,084563882	11,82537955
5	4	6,81	1,362	0,08867855	11,27668422
5	4	6,91	1,382	0,092728207	10,78420508
5	4	7	1,4	0,0963075	10,38340733
5	4	7,01	1,402	0,096701043	10,34115012
5	4	7,11	1,422	0,100587748	9,941568624
5	4	7,21	1,442	0,104381248	9,580264881
5	4	7,31	1,462	0,10807642	9,252712144
5	4	7,41	1,482	0,11166982	8,954970973
5	4	7,51	1,502	0,115159423	8,683614176
5	4	7,61	1,522	0,11854438	8,435659301
5	4	7,71	1,542	0,121824806	8,208508833
5	4	7,81	1,562	0,125001597	7,999897794
5	4	7,91	1,582	0,128076261	7,80784819
5	4	8	1,6	0,130757774	7,647728844
5	4	8,01	1,602	0,131050785	7,630629623
5	4	8,11	1,622	0,133927518	7,466725377
5	4	8,21	1,642	0,136709076	7,314803281
5	4	8,31	1,662	0,13939826	7,173690715
5	4	8,41	1,682	0,14199799	7,042353201
5	4	8,51	1,702	0,144511259	6,919876045
5	4	8,61	1,722	0,146941085	6,805448612
5	4	8,71	1,742	0,149290479	6,698350826
5	4	8,81	1,762	0,151562421	6,59794159
5	4	8,91	1,782	0,15375984	6,50364882
5	4	9	1,8	0,155676165	6,4235909
5	4	9,01	1,802	0,155885596	6,414960866
5	4	9,11	1,822	0,157942474	6,331419111
5	4	9,21	1,842	0,159933171	6,252611581
5	4	9,31	1,862	0,161860295	6,178167411
5	4	9,41	1,882	0,163726358	6,107752041
5	4	9,51	1,902	0,16553378	6,041063049
5	4	9,61	1,922	0,167284881	5,977826518
5	4	9,71	1,942	0,168981891	5,917793868
5	4	9,81	1,962	0,170626944	5,860739083
5	4	9,91	1,982	0,172222084	5,806456288
5	4	10	2	0,173616651	5,759816211
5	4	10,01	2,002	0,173769265	5,754757616
5	4	10,11	2,022	0,175270357	5,705471338
5	4	10,21	2,042	0,176727148	5,658440206
5	4	10,31	2,062	0,178141344	5,61352
5	4	10,41	2,082	0,179514578	5,570578236
5	4	10,51	2,102	0,180848406	5,529493024
5	4	10,61	2,122	0,182144318	5,49015205
5	4	10,71	2,142	0,183403735	5,452451674
5	4	10,81	2,162	0,184628015	5,416296127
5	4	10,91	2,182	0,185818455	5,381596788
5	4	11	2,2	0,186861944	5,351544447
5	4	11,01	2,202	0,186976295	5,348271542
5	4	11,11	2,222	0,188102721	5,316244205
5	4	11,21	2,242	0,189198864	5,285444009
5	4	11,31	2,262	0,190265806	5,255805131
5	4	11,41	2,282	0,191304584	5,22726628
5	4	11,51	2,302	0,192316187	5,199770318
5	4	11,61	2,322	0,193301563	5,173263916
5	4	11,71	2,342	0,194261619	5,147697251
5	4	11,81	2,362	0,195197222	5,123023725
5	4	11,91	2,382	0,196109205	5,099199708
5	4	12	2,4	0,196910452	5,078450577
5	4	12,01	2,402	0,196998363	5,076184313
5	4	12,11	2,422	0,19786546	5,053939185
5	4	12,21	2,442	0,198711226	5,032428307
5	4	12,31	2,462	0,199536364	5,011617833
5	4	12,41	2,482	0,200341545	4,991475922
5	4	12,51	2,502	0,201127416	4,971972598
5	4	12,61	2,522	0,201894594	4,953079616
5	4	12,71	2,542	0,202643676	4,934770338
5	4	12,81	2,562	0,203375231	4,917019623
5	4	12,91	2,582	0,204089808	4,899803726
5	4	13	2,6	0,204718847	4,88474811
5	4	13,01	2,602	0,204787934	4,8831002
5	4	13,11	2,622	0,205470115	4,866887813
5	4	13,21	2,642	0,206136839	4,851146464
5	4	13,31	2,662	0,206788575	4,835857114
5	4	13,41	2,682	0,207425772	4,821001713
5	4	13,51	2,702	0,208048864	4,806563139
5	4	13,61	2,722	0,208658269	4,79252514
5	4	13,71	2,742	0,209254389	4,778872282
5	4	13,81	2,762	0,209837611	4,765589892
5	4	13,91	2,782	0,210408309	4,752664021
5	4	14	2,8	0,210911526	4,741324576
5	4	14,01	2,802	0,210966841	4,740081394
5	4	14,11	2,822	0,211513555	4,727829372
5	4	14,21	2,842	0,212048785	4,715895916
5	4	14,31	2,862	0,212572853	4,704269548
5	4	14,41	2,882	0,21308607	4,692939326
5	4	14,51	2,902	0,213588737	4,681894808
5	4	14,61	2,922	0,214081143	4,671126023
5	4	14,71	2,942	0,214563569	4,660623451
5	4	14,81	2,962	0,215036283	4,650377993
5	4	14,91	2,982	0,215499549	4,64038095
5	4	15	3	0,215908617	4,631589121
5	4	15,01	3,002	0,215953617	4,630624001
6	4	0,01	0,001666667	0,023046554	43,39043553
6	4	0,11	0,018333333	0,022761105	43,93459723
6	4	0,21	0,035	0,022475743	44,49241178
6	4	0,31	0,051666667	0,02219045	45,06443058
6	4	0,41	0,068333333	0,021905213	45,65123446
6	4	0,51	0,085	0,021620016	46,25343523
6	4	0,61	0,101666667	0,021334846	46,87167718
6	4	0,71	0,118333333	0,02104969	47,50663849
6	4	0,81	0,135	0,020764537	48,15903255
6	4	0,91	0,151666667	0,020479378	48,82960908
6	4	1	0,166666667	0,020222724	49,44932357
6	4	1,01	0,168333333	0,020194206	49,51915499
6	4	1,11	0,185	0,019909018	50,22849472
6	4	1,21	0,201666667	0,019623815	50,95849005
6	4	1,31	0,218333333	0,019338605	51,71003905
6	4	1,41	0,235	0,019053399	52,48407375
6	4	1,51	0,251666667	0,018768221	53,2815563
6	4	1,61	0,268333333	0,018483102	54,10347292
6	4	1,71	0,285	0,018198089	54,95082479
6	4	1,81	0,301666667	0,017913245	55,82461509
6	4	1,91	0,318333333	0,017628653	56,72583057
6	4	2	0,333333333	0,017372827	57,56115532
6	4	2,01	0,335	0,017344424	57,65541604
6	4	2,11	0,351666667	0,017060701	58,61423918
6	4	2,21	0,368333333	0,016777667	59,60304256
6	4	2,31	0,385	0,016495559	60,62237856
6	4	2,41	0,401666667	0,016214677	61,67252132
6	4	2,51	0,418333333	0,015935405	62,75334842
6	4	2,61	0,435	0,015658229	63,86418202
6	4	2,71	0,451666667	0,015383769	65,00357657
6	4	2,81	0,468333333	0,015112809	66,16903624
6	4	2,91	0,485	0,014846346	67,35664039
6	4	3	0,5	0,014611415	68,43964174
6	4	3,01	0,501666667	0,014585647	68,56055068
6	4	3,11	0,518333333	0,014332321	69,77236792
6	4	3,21	0,535	0,014088415	70,98030309
6	4	3,31	0,551666667	0,013856532	72,16812748
6	4	3,41	0,568333333	0,013639983	73,31387593
6	4	3,51	0,585	0,013442974	74,38830403
6	4	3,61	0,601666667	0,013270844	75,35315643
6	4	3,71	0,618333333	0,013130354	76,15940766
6	4	3,81	0,635	0,013030028	76,74580626
6	4	3,91	0,651666667	0,012980557	77,03829952
6	4	4	0,666666667	0,012990449	76,97963152
6	4	4,01	0,668333333	0,012995246	76,95121487
6	4	4,11	0,685	0,01309049	76,39133334
6	4	4,21	0,701666667	0,013286211	75,26600237
6	4	4,31	0,718333333	0,013606205	73,49588049
6	4	4,41	0,735	0,014078263	71,03148895
6	4	4,51	0,751666667	0,014733938	67,87051993
6	4	4,61	0,768333333	0,015607775	64,07063201
6	4	4,71	0,785	0,01673589	59,75182794
6	4	4,81	0,801666667	0,018153801	55,08488203
6	4	4,91	0,818333333	0,019893614	50,26738826
6	4	5	0,833333333	0,021755915	45,96451162
6	4	5,01	0,835	0,021980803	45,49424401
6	4	5,11	0,851666667	0,024431065	40,93149404
6	4	5,21	0,868333333	0,027247798	36,70021315
6	4	5,31	0,885	0,030420743	32,87230741
6	4	5,41	0,901666667	0,033926128	29,47580739
6	4	5,51	0,918333333	0,037728332	26,50528
6	4	5,61	0,935	0,041782753	23,9333203
6	4	5,71	0,951666667	0,046039345	21,72055226
6	4	5,81	0,968333333	0,050446238	19,8230838
6	4	5,91	0,985	0,05495292	18,19739516
6	4	6	1	0,059055546	16,93321078
6	4	6,01	1,001666667	0,059512687	16,80313988
6	4	6,11	1,018333333	0,064084234	15,60446205
6	4	6,21	1,035	0,068632456	14,57036605
6	4	6,31	1,051666667	0,07312859	13,67454226
6	4	6,41	1,068333333	0,077549914	12,89492088
6	4	6,51	1,085	0,081879141	12,21312282
6	4	6,61	1,101666667	0,086103695	11,61390343
6	4	6,71	1,118333333	0,090214945	11,08463798
6	4	6,81	1,135	0,094207469	10,61486959
6	4	6,91	1,151666667	0,098078406	10,19592426
6	4	7	1,166666667	0,101457536	9,85634027
6	4	7,01	1,168333333	0,101826881	9,820589492
6	4	7,11	1,185	0,105453535	9,482849459
6	4	7,21	1,201666667	0,108960135	9,177668506
6	4	7,31	1,218333333	0,112349263	8,900814982
6	4	7,41	1,235	0,11562407	8,64871823
6	4	7,51	1,251666667	0,118788087	8,41835258
6	4	7,61	1,268333333	0,121845078	8,207143175
6	4	7,71	1,285	0,124798927	8,012889411
6	4	7,81	1,301666667	0,127653558	7,833702551
6	4	7,91	1,318333333	0,130412872	7,667954758
6	4	8	1,333333333	0,132817931	7,529103894
6	4	8,01	1,335	0,133080705	7,514237324
6	4	8,11	1,351666667	0,135660797	7,371326318
6	4	8,21	1,368333333	0,138156769	7,238154242
6	4	8,31	1,385	0,140572112	7,113786552
6	4	8,41	1,401666667	0,14291018	6,997402145
6	4	8,51	1,418333333	0,145174184	6,888277073
6	4	8,61	1,435	0,147367191	6,785770909
6	4	8,71	1,451666667	0,149492132	6,689315276
6	4	8,81	1,468333333	0,151551795	6,598404183
6	4	8,91	1,485	0,15354884	6,512585828
6	4	9	1,5	0,155294735	6,43936835
6	4	9,01	1,501666667	0,155485796	6,431455647
6	4	9,11	1,518333333	0,15736507	6,354650372
6	4	9,21	1,535	0,159188952	6,281842961
6	4	9,31	1,551666667	0,160959622	6,212738238
6	4	9,41	1,568333333	0,162679153	6,147069142
6	4	9,51	1,585	0,164349517	6,084593486
6	4	9,61	1,601666667	0,165972593	6,025091145
6	4	9,71	1,618333333	0,167550169	5,968361623
6	4	9,81	1,635	0,169083949	5,91422192
6	4	9,91	1,651666667	0,170575557	5,862504677
6	4	10	1,666666667	0,171883227	5,817903354
6	4	10,01	1,668333333	0,172026539	5,813056547
6	4	10,11	1,685	0,173438372	5,765736763
6	4	10,21	1,701666667	0,174812465	5,720415883
6	4	10,31	1,718333333	0,176150161	5,676974671
6	4	10,41	1,735	0,177452744	5,635303119
6	4	10,51	1,751666667	0,178721441	5,595299568
6	4	10,61	1,768333333	0,179957424	5,556869937
6	4	10,71	1,785	0,181161815	5,51992703
6	4	10,81	1,801666667	0,182335686	5,484389918
6	4	10,91	1,818333333	0,183480065	5,450183384
6	4	11	1,833333333	0,184485602	5,420477198
6	4	11,01	1,835	0,184595933	5,417237436
6	4	11,11	1,851666667	0,185684234	5,385486853
6	4	11,21	1,868333333	0,186745869	5,354870794
6	4	11,31	1,885	0,187781704	5,32533243
6	4	11,41	1,901666667	0,18879257	5,296818623
6	4	11,51	1,918333333	0,189779262	5,269279632
6	4	11,61	1,935	0,190742545	5,242668844
6	4	11,71	1,951666667	0,191683154	5,216942533
6	4	11,81	1,968333333	0,192601794	5,192059642
6	4	11,91	1,985	0,193499142	5,16798158
6	4	12	2	0,19428909	5,146969402
6	4	12,01	2,001666667	0,19437585	5,144672042
6	4	12,11	2,018333333	0,195232545	5,122096842
6	4	12,21	2,035	0,196069829	5,100223762
6	4	12,31	2,051666667	0,196888283	5,079022411
6	4	12,41	2,068333333	0,197688464	5,058464098
6	4	12,51	2,085	0,198470912	5,038521715
6	4	12,61	2,101666667	0,199236143	5,019169633
6	4	12,71	2,118333333	0,199984657	5,000383598
6	4	12,81	2,135	0,200716935	4,982140642
6	4	12,91	2,151666667	0,201433441	4,964419002
6	4	13	2,166666667	0,20206518	4,948898169
6	4	13,01	2,168333333	0,202134621	4,947198037
6	4	13,11	2,185	0,202820908	4,930458163
6	4	13,21	2,201666667	0,203492717	4,91418078
6	4	13,31	2,218333333	0,204150451	4,898348219
6	4	13,41	2,235	0,204794498	4,882943677
6	4	13,51	2,251666667	0,205425232	4,867951169
6	4	13,61	2,268333333	0,206043016	4,853355481
6	4	13,71	2,285	0,206648198	4,839142118
6	4	13,81	2,301666667	0,207241118	4,825297269
6	4	13,91	2,318333333	0,207822101	4,811807764
6	4	14	2,333333333	0,208335042	4,799960631
6	4	14,01	2,335	0,208391464	4,798661037
6	4	14,11	2,351666667	0,208949513	4,785845095
6	4	14,21	2,368333333	0,209496542	4,773348481
6	4	14,31	2,385	0,210032838	4,761160251
6	4	14,41	2,401666667	0,210558678	4,74926994
6	4	14,51	2,418333333	0,21107433	4,73766754
6	4	14,61	2,435	0,211580052	4,726343474
6	4	14,71	2,451666667	0,212076098	4,715288574
6	4	14,81	2,468333333	0,212562709	4,704494058
6	4	14,91	2,485	0,213040121	4,693951512
6	4	15	2,5	0,213462117	4,684671983
6	4	15,01	2,501666667	0,213508564	4,683652872
