	Exact Ground Energy	VQE Ground Energy	Qubit 	sai số cv	sai số qubit
0,01	-8,00375146604	-8,00375146594	-8,00375088791 	-0,00000000009867	-0,00000057813
0,11	-8,04142885031	-8,04142884904	-8,04142614669 	-0,00000000126917	-0,00000270362
0,21	-8,07940728830	-8,07940728787	-8,07940270345 	-0,00000000042979	-0,00000458485
0,31	-8,11769446888	-8,11769446833	-8,11769105084 	-0,00000000054828	-0,00000341804
0,41	-8,15629844902	-8,15629844689	-8,15629646057 	-0,00000000212852	-0,00000198845
0,51	-8,19522767652	-8,19522766699	-8,19522501217 	-0,00000000952417	-0,00000266435
0,61	-8,23449101428	-8,23449100003	-8,23448806571 	-0,00000001424924	-0,00000294857
0,71	-8,27409776625	-8,27409775746	-8,27409677900 	-0,00000000879408	-0,00000098725
0,81	-8,31405770512	-8,31405764921	-8,31405506439 	-0,00000005590268	-0,00000264073
0,91	-8,35438110188	-8,35438104328	-8,35437982235 	-0,00000005860002	-0,00000127953
1	-8,39099183092	-8,39099168988	-8,39098948801 	-0,00000014104410	-0,00000234291
1,01	-8,39507875743	-8,39507866155	-8,39507569475 	-0,00000009588557	-0,00000306268
1,11	-8,43616203616	-8,43616192772	-8,43616131162 	-0,00000010843647	-0,00000072454
1,21	-8,47764290177	-8,47764273120	-8,47763273546 	-0,00000017056900	-0,00001016631
1,31	-8,51953395543	-8,51953345139	-8,51953139836 	-0,00000050403433	-0,00000255707
1,41	-8,56184847617	-8,56184773267	-8,56184460185 	-0,00000074349888	-0,00000387432
1,51	-8,60460046390	-8,60460000142	-8,60459941510 	-0,00000046247717	-0,00000104880
1,61	-8,64780468476	-8,64780361680	-8,64780185943 	-0,00000106796614	-0,00000282533
1,71	-8,69147671917	-8,69147585177	-8,69146824039 	-0,00000086739254	-0,00000847878
1,81	-8,73563301233	-8,73563149241	-8,73562859257 	-0,00000151991237	-0,00000441976
1,91	-8,78029092734	-8,78028987918	-8,78028811960 	-0,00000104815733	-0,00000280774
2	-8,82092707162	-8,82092674454	-8,82092663693 	-0,00000032707614	-0,00000043469
2,01	-8,82546880071	-8,82546772991	-8,82546649774 	-0,00000107080185	-0,00000230297
2,11	-8,87118600022	-8,87118534166	-8,87118340538 	-0,00000065855684	-0,00000259484
2,21	-8,91746298487	-8,91746140206	-8,91746171994 	-0,00000158280249	-0,00000126493
2,31	-8,96432136666	-8,96432126727	-8,96431416362 	-0,00000009938272	-0,00000720304
2,41	-9,01178397374	-9,01177901964	-9,01178337209 	-0,00000495410435	-0,00000060165
2,51	-9,05987491447	-9,05987445878	-9,05987339942 	-0,00000045568939	-0,00000151505
2,61	-9,10861964156	-9,10861919261	-9,10861864930 	-0,00000044894671	-0,00000099226
2,71	-9,15804501559	-9,15804501247	-9,15804358817 	-0,00000000312124	-0,00000142742
2,81	-9,20817936667	-9,20817933239	-9,20817632750 	-0,00000003428247	-0,00000303917
2,91	-9,25905255303	-9,25905255303	-9,25903950727 	-0,00000000000004	-0,00001304576
3	-9,30549607677	-9,30549578885	-9,30549346622 	-0,00000028791854	-0,00000261055
3,01	-9,31069601487	-9,31069601487	-9,31069410196 	-0,00000000000002	-0,00000191291
3,11	-9,36314282158	-9,36314282158	-9,36313752461 	0,00000000000000	-0,00000529697
3,21	-9,41642771017	-9,41642771017	-9,41642319460 	0,00000000000000	-0,00000451557
3,31	-9,47058711228	-9,47058711228	-9,47058663942 	0,00000000000000	-0,00000047286
3,41	-9,52565916674	-9,52565916674	-9,52565675740 	0,00000000000000	-0,00000240934
3,51	-9,58168371460	-9,58168371460	-9,58168211464 	0,00000000000000	-0,00000159996
3,61	-9,63870227271	-9,63870227271	-9,63870013501 	0,00000000000000	-0,00000213770
3,71	-9,69675798202	-9,69675798202	-9,69675614092 	0,00000000000000	-0,00000184110
3,81	-9,755895526383 	-9,755895526383 	-9,755894705140 	0,00000000000000	-0,00000082124
3,91	-9,81616101748	-9,81616101748	-9,81615918979 	0,00000000000000	-0,00000182769
4	-9,87140349537	-9,87140349537	-9,87140206111 	0,00000000000000	-0,00000143426
4,01	-9,87760184159	-9,87760184159	-9,87760119085 	0,00000000000000	-0,00000065074
4,11	-9,94026646414	-9,94026646414	-9,94026575708 	-0,00000000000006	-0,00000070706
4,21	-10,00420418832	-10,00420418832	-10,00420323659 	-0,00000000000010	-0,00000095173
4,31	-10,06946486517	-10,06946486517	-10,06946335268 	-0,00000000000060	-0,00000151249
4,41	-10,13609855320	-10,13609855320	-10,13608632821 	0,00000000000000	-0,00001222499
4,51	-10,20415512752	-10,20415512752	-10,20415278084 	-0,00000000000010	-0,00000234668
4,61	-10,27368384002	-10,27368384002	-10,27368235264 	0,00000000000000	-0,00000148738
4,71	-10,34473283467	-10,34473283467	-10,34472898556 	-0,00000000000040	-0,00000384911
4,81	-10,41734862400	-10,41734862400	-10,41734349584 	0,00000000000000	-0,00000512816
4,91	-10,49157553611	-10,49157553611	-10,49157357256 	0,00000000000000	-0,00000196355
5	-10,55979169291	-10,55979169291	-10,55978905131 	0,00000000000000	-0,00000264159
5,01	-10,56745514353	-10,56745514353	-10,56745334633 	-0,00000000000010	-0,00000179720
5,11	-10,64502568830	-10,64502568830	-10,64502263093 	0,00000000000000	-0,00000305737
5,21	-10,72432151920	-10,72432151920	-10,72432046830 	-0,00000000000010	-0,00000105090
5,31	-10,80537255872	-10,80537255872	-10,80536667195 	0,00000000000000	-0,00000588676
5,41	-10,88820381776	-10,88820381776	-10,88820223303 	0,00000000000000	-0,00000158473
5,51	-10,97283497574	-10,97283497574	-10,97283244977 	-0,00000000000010	-0,00000252597
5,61	-11,05928004178	-11,05928004178	-11,05927861541 	-0,00000000000010	-0,00000142637
5,71	-11,14754711066	-11,14754711066	-11,14754608999 	0,00000000000000	-0,00000102067
5,81	-11,23763822292	-11,23763822292	-11,23763620856 	0,00000000000000	-0,00000201436
5,91	-11,32954933491	-11,32954933491	-11,32954664511 	-0,00000000000010	-0,00000268980
6	-11,41381725268	-11,41381725268	-11,41381200393 	0,00000000000000	-0,00000524875
6,01	-11,42327039929	-11,42327039929	-11,42326214321 	-0,00000000000010	-0,00000825608
6,11	-11,51878555217	-11,51878555217	-11,51878024089 	0,00000000000000	-0,00000531128
6,21	-11,61607339864	-11,61607339864	-11,61607285187 	0,00000000000000	-0,00000054677
6,31	-11,71510738444	-11,71510738444	-11,71509782036 	0,00000000000000	-0,00000956408
6,41	-11,81585623899	-11,81585623899	-11,81585422811 	0,00000000000000	-0,00000201088
6,51	-11,91828447300	-11,91828447300	-11,91828220571 	-0,00000000000010	-0,00000226729
6,61	-12,02235291304	-12,02235291304	-12,02235054652 	0,00000000000000	-0,00000236652
6,71	-12,12801925588	-12,12801925588	-12,12801696407 	-0,00000000000010	-0,00000229181
6,81	-12,23523862647	-12,23523862647	-12,23523592680 	-0,00000000000010	-0,00000269967
6,91	-12,34396412504	-12,34396412504	-12,34396335907 	0,00000000000000	-0,00000076596
7	-12,44306483332	-12,44306483332	-12,44306074318 	0,00000000000000	-0,00000409014
7,01	-12,45414735132	-12,45414735132	-12,45414341604 	0,00000000000000	-0,00000393528
7,11	-12,56573889624	-12,56573889624	-12,56573831084 	0,00000000000000	-0,00000058540
7,21	-12,67868879383	-12,67868879383	-12,67868701460 	-0,00000000000010	-0,00000177923
7,31	-12,79294692885	-12,79294692885	-12,79294568298 	-0,00000000000010	-0,00000124587
7,41	-12,90846339744	-12,90846339744	-12,90846241943 	0,00000000000000	-0,00000097801
7,51	-13,02518882026	-13,02518882026	-13,02518459561 	-0,00000000000010	-0,00000422465
7,61	-13,14307460896	-13,14307460896	-13,14307195468 	0,00000000000000	-0,00000265428
7,71	-13,26207318808	-13,26207318808	-13,26207160156 	0,00000000000000	-0,00000158652
7,81	-13,38213817527	-13,38213817527	-13,38213564958 	0,00000000000000	-0,00000252569
7,91	-13,50322452351	-13,50322452351	-13,50322237130 	0,00000000000000	-0,00000215221
8	-13,61303943084	-13,61303943084	-13,61303817564 	0,00000000000000	-0,00000125520
8,01	-13,62528862889	-13,62528862889	-13,62528641165 	-0,00000000000010	-0,00000221724
8,11	-13,74828840817	-13,74828840817	-13,74827699026 	0,00000000000000	-0,00001141791
8,21	-13,87218334985	-13,87218334985	-13,87218205052 	0,00000000000000	-0,00000129933
8,31	-13,99693454253	-13,99693454253	-13,99693386590 	0,00000000000000	-0,00000067663
8,41	-14,12250468412	-14,12250468412	-14,12250393053 	0,00000000000000	-0,00000075359
8,51	-14,24885807505	-14,24885807505	-14,24885520005 	-0,00000000000010	-0,00000287500
8,61	-14,37596059841	-14,37596059841	-14,37595830642 	-0,00000000000010	-0,00000229199
8,71	-14,50377968954	-14,50377968954	-14,50377447812 	-0,00000000000010	-0,00000521142
8,81	-14,63228429745	-14,63228429745	-14,63228323578 	-0,00000000000010	-0,00000106167
8,91	-14,76144483980	-14,76144483980	-14,76144234066 	0,00000000000000	-0,00000249914
9	-14,87822684648	-14,87822684648	-14,87822405493 	0,00000000000000	-0,00000279155
9,01	-14,89123315337	-14,89123315337	-14,89123094324 	0,00000000000000	-0,00000221013
9,11	-15,02162244116	-15,02162244116	-15,02161614820 	-0,00000000000010	-0,00000629296
9,21	-15,15258721753	-15,15258721753	-15,15258355926 	-0,00000000000010	-0,00000365827
9,31	-15,28410325217	-15,28410325217	-15,28410110892 	0,00000000000000	-0,00000214325
9,41	-15,41614751383	-15,41614751383	-15,41614723113 	0,00000000000000	-0,00000028270
9,51	-15,54869811429	-15,54869811429	-15,54869573332 	-0,00000000000010	-0,00000238097
9,61	-15,68173425330	-15,68173425330	-15,68173051923 	-0,00000000000010	-0,00000373407
9,71	-15,81523616465	-15,81523616465	-15,81523135451 	0,00000000000000	-0,00000481014
9,81	-15,94918506381	-15,94918506381	-15,94918301869 	0,00000000000000	-0,00000204512
9,91	-16,08356309731	-16,08356309731	-16,08355484800 	0,00000000000000	-0,00000824931
10	-16,20485619323	-16,20485619323	-16,20485057251 	0,00000000000000	-0,00000562072
10,01	-16,21835329404	-16,21835329404	-16,21835208607 	-0,00000000000010	-0,00000120797
10,11	-16,35353951854	-16,35353951854	-16,35353901056 	0,00000000000000	-0,00000050798
10,21	-16,48910642633	-16,48910642633	-16,48910585902 	0,00000000000000	-0,00000056731
10,31	-16,62503942139	-16,62503942139	-16,62503731311 	0,00000000000000	-0,00000210828
10,41	-16,76132461563	-16,76132461563	-16,76131990472 	0,00000000000000	-0,00000471091
10,51	-16,89794879045	-16,89794879045	-16,89794502674 	0,00000000000000	-0,00000376371
10,61	-17,03489936032	-17,03489936032	-17,03489740244 	-0,00000000000010	-0,00000195788
10,71	-17,17216433826	-17,17216433826	-17,17216333423 	0,00000000000000	-0,00000100403
10,81	-17,30973230324	-17,30973230324	-17,30972372782 	-0,00000000000010	-0,00000857542
10,91	-17,44759236936	-17,44759236936	-17,44758339279 	-0,00000000000010	-0,00000897657
11	-17,57190758639	-17,57190758639	-17,57190478598 	-0,00000000000010	-0,00000280041
11,01	-17,58573415677	-17,58573415677	-17,58573349486 	-0,00000000000010	-0,00000066191
11,11	-17,72414776424	-17,72414776424	-17,72414527334 	-0,00000000000010	-0,00000249090
11,21	-17,86282374330	-17,86282374330	-17,86281766885 	0,00000000000000	-0,00000607445
11,31	-18,00175307385	-18,00120441229	-18,00175261897 	-0,00054866156370	-0,00000045488
11,41	-18,14092714122	-18,14092714122	-18,14092557698 	0,00000000000000	-0,00000156424
11,51	-18,28033771453	-18,27591472037	-18,28033504298 	-0,00442299416170	-0,00000267155
11,61	-18,41997692633	-18,41997692537	-18,41997665896 	-0,00000000095890	-0,00000026737
11,71	-18,55983725343	-18,54979078519	-18,55983682266 	-0,01004646823670	-0,00000043077
11,81	-18,69991149881	-18,69991142874	-18,69991100584 	-0,00000007006620	-0,00000049297
11,91	-18,84019277465	-18,84019277462	-18,84019202473 	-0,00000000002580	-0,00000074992
12	-18,96661747766	-18,96661747766	-18,96661611218 	0,00000000000000	-0,00000136548
12,01	-18,98067448630	-18,98047039034	-18,98067415512 	-0,00020409596300	-0,00000033118
12,11	-19,12135031721	-19,12120139725	-19,12134729066 	-0,00014891996160	-0,00000302655
12,21	-19,26221421469	-19,25940503695	-19,26220811782 	-0,00280917773650	-0,00000609687
12,31	-19,40326037655	-19,39044645729	-19,40325658816 	-0,01281391925480	-0,00000378839
12,41	-19,54448323849	-19,53568552235	-19,54447875536 	-0,00879771614030	-0,00000448313
12,51	-19,68587746219	-19,67243206671	-19,68587590535 	-0,01344539547950	-0,00000155684
12,61	-19,82743792412	-19,81546799816	-19,82743717756 	-0,01196992596460	-0,00000074656
12,71	-19,96915970495	-19,95634106917	-19,96915038962 	-0,01281863577600	-0,00000931533
12,81	-20,11103807958	-20,10064574976	-20,11103774239 	-0,01039232981970	-0,00000033719
12,91	-20,25306850773	-20,25306850773	-20,25306785972	0,00000000000000	-0,00000064801
13	-20,38102228819	-20,36906594123	-20,38102109395	-0,01195634696200	-0,00000119424
13,01	-20,39524662505	-20,38327346316	-20,39524140694	-0,01197316188360	-0,00000521811
13,11	-20,53756823474	-20,52633593376	-20,53756664873	-0,01123230098040	-0,00000158601
13,21	-20,68002929962	-20,66864622910	-20,68002809179	-0,01138307052580	-0,00000120783
13,31	-20,82262593463	-20,80370077243	-20,82262406423	-0,01892516219320	-0,00000187040
13,41	-20,96535439975	-20,95430512865	-20,96534795355	-0,01104927109130	-0,00000644620
13,51	-21,10821109331	-21,09060531966	-21,10821043625	-0,01760577364920	-0,00000065706
13,61	-21,25119254567	-21,24084361121	-21,25119178193	-0,01034893445930	-0,00000076374
13,71	-21,39429541319	-21,37686001881	-21,39429413790	-0,01743539438350	-0,00000127529
13,81	-21,53751647259	-21,52046342638	-21,53751491323	-0,01705304621710	-0,00000155936
13,91	-21,68085261554	-21,67314320189	-21,68085177192	-0,00770941365250	-0,00000084362
14	-21,80995106023	-21,79369584959	-21,80995064047	-0,01625521063650	-0,00000041976
14,01	-21,82430084360	-21,80818502906	-21,82429669384	-0,01611581454220	-0,00000414976
14,11	-21,96785826336	-21,95188001479	-21,96785730042	-0,01597824856860	-0,00000096294
14,21	-22,11152208188	-22,09599256785	-22,11151888305	-0,01552951403590	-0,00000319883
14,31	-22,25528960236	-22,24182129251	-22,25528748603	-0,01346830985630	-0,00000211633
14,41	-22,39915821999	-22,39915821999	-22,39915486905	-0,00000000000010	-0,00000335094
14,51	-22,54312541805	-22,52853015856	-22,54312418139	-0,01459525948320	-0,00000123666
14,61	-22,68718876419	-22,67287221257	-22,68718659002	-0,01431655162650	-0,00000217417
14,71	-22,83134590693	-22,81819067519	-22,83134251356	-0,01315523174540	-0,00000339337
14,81	-22,97559457226	-22,96190684210	-22,97559282961	-0,01368773015840	-0,00000174265
14,91	-23,11993256047	-23,10651335884	-23,11993191019	-0,01341920163850	-0,00000065028
