N_particles	Reps	Num_params	Num_gates	Energy_Error	Infidelity
4	2	8	63	1,224232076	0,130673051
4	3	12	93	0,070058968	0,008803559
4	4	16	123	2,03227E-06	2,07448E-07
4	5	20	153	1,03877E-06	1,01599E-07
4	6	24	183	2,70453E-06	2,72614E-07
4	7	28	213	5,96425E-07	5,99357E-08
4	8	32	243	5,62071E-06	6,38506E-07
5	2	8	180	15,86375396	0,836608971
5	3	12	268	8,964704664	0,517112962
5	4	16	356	2,891176859	0,21816991
5	5	20	444	0,889002651	0,06448429
5	6	24	532	0,121736935	0,007327634
5	7	28	620	0,014949453	0,001189663
5	8	32	708	0,008629127	0,000611709
6	2	8	196	8,896529648	0,369304422
6	3	12	292	3,884382841	0,185680318
6	4	16	388	2,52004261	0,112810824
6	5	20	484	0,676815288	0,032079812
6	6	24	580	0,202640514	0,009068904
6	7	28	676	0,070868729	0,003976586
6	8	32	772	6,09946E-05	2,36867E-06
