Độ tương tác (N_particles * U/J)	IPR Chính xác	IPR VQE	VNE Chính xác	VNE VQE
0,01 	24,153940981404900 	24,257500771627500 	1,221834639846720 	1,222855252299560 
0,11 	24,399321005218700 	24,518796825548900 	1,224535958593500 	1,226116156007380 
0,21 	24,648368013788900 	24,593295211150600 	1,227261752120690 	1,226582603680960 
0,31 	24,901138230365900 	24,830145832226800 	1,230012538665530 	1,229330935204640 
0,41 	25,157682115733900 	25,080047074802900 	1,232788816072370 	1,232177025747370 
0,51 	25,418042967247100 	25,330448649070400 	1,235591055446110 	1,234411997075830 
0,61 	25,682255267470900 	25,525483847964600 	1,238419693740420 	1,236520748717010 
0,71 	25,950342738955700 	25,990574857806000 	1,241275125126740 	1,241628450108660 
0,81 	26,222316054350600 	26,251295651666300 	1,244157690970020 	1,244581692193930 
0,91 	26,498170142618600 	26,324281715372900 	1,247067668215010 	1,245778275030040 
1,00 	26,749737511165100 	26,631003491608000 	1,249710250891870 	1,249185870624270 
1,01 	26,777881022438900 	26,755478455856300 	1,250005255962230 	1,250190103471750 
1,11 	27,061402082868100 	27,009050810337200 	1,252970559986650 	1,252704337579010 
1,21 	27,348659718889600 	27,255890742459500 	1,255963574922500 	1,255659728029600 
1,31 	27,639548215601100 	27,630874195225200 	1,258984163807270 	1,258839520004780 
1,41 	27,933923759481800 	27,954155890758800 	1,262032034644560 	1,262338804607950 
1,51 	28,231597438643300 	28,196747509932300 	1,265106713611550 	1,264802702136160 
1,61 	28,532327076512500 	28,482192895683600 	1,268207514501600 	1,267787960666790 
1,71 	28,835807725628400 	28,848077137643500 	1,271333503957930 	1,271236594208710 
1,81 	29,141660631110800 	29,232905653436400 	1,274483462021220 	1,275321115663890 
1,91 	29,449420458339300 	29,451374256355200 	1,277655837484580 	1,277684593130390 
2,00 	29,727568752676900 	29,652158253560400 	1,280528553579620 	1,279590298180340 
2,01 	29,758520568592300 	29,665099328612900 	1,280848697526160 	1,279847596719020 
2,11 	30,068276122883500 	30,082845085952400 	1,284059671075770 	1,284091003571050 
2,21 	30,377864802214200 	30,510254059132000 	1,287285885372130 	1,288637278898610 
2,31 	30,686304957620500 	30,671261617035600 	1,290523895186610 	1,290459567747920 
2,41 	30,992431053295900 	30,934026845875800 	1,293769604234660 	1,293449868654380 
2,51 	31,294866350404000 	31,177515590863100 	1,297018178375750 	1,295571785074890 
2,61 	31,591992910141900 	31,596054020038400 	1,300263950326310 	1,299805705716960 
2,71 	31,881919186837500 	31,829032012208100 	1,303500315789720 	1,301989437896860 
2,81 	32,162445752328300 	32,127976270504700 	1,306719621155820 	1,305202547218090 
2,91 	32,431030059851300 	32,459717229297300 	1,309913043254890 	1,310068119704890 
3,00 	32,660139878710900 	32,676153556333600 	1,312756657691510 	1,312824008735950 
3,01 	32,684751636958100 	32,583378172034000 	1,313070462082580 	1,312250462760610 
3,11 	32,920279706463200 	32,842488407741800 	1,316180327959830 	1,315531959908930 
3,21 	33,133845976916800 	33,210910420678700 	1,319229525268440 	1,320171293046120 
3,31 	33,321226207445800 	33,338667009564600 	1,322203235721620 	1,322405233792400 
3,41 	33,477735096693100 	33,451663122225700 	1,325084805093190 	1,324804625337360 
3,51 	33,598239992752900 	33,617727563704300 	1,327855618436540 	1,328395407800240 
3,61 	33,677199738050800 	33,666748513049200 	1,330494990054850 	1,330030206327260 
3,71 	33,708735453806900 	33,972338504075700 	1,332980075801040 	1,333158855064140 
3,81 	33,686739970641500 	33,678142987566100 	1,335285816626300 	1,334948052325130 
3,91 	33,605031610640700 	33,589979169662900 	1,337384923566500 	1,337483676992950 
4,00 	33,475428958136100 	33,512915136209600 	1,339073125499590 	1,339098348977590 
4,01 	33,457555795365100 	33,365516055980200 	1,339247915430090 	1,340337634689430 
4,11 	33,238634229424000 	33,313673899987900 	1,340843221164520 	1,340710705477690 
4,21 	32,943256096740600 	32,874215960811900 	1,342137359036410 	1,342570069364340 
4,31 	32,567399014895600 	32,533998643451300 	1,343095204142920 	1,343363552245870 
4,41 	32,108360052719900 	32,097513902551500 	1,343680354155230 	1,343741014954020 
4,51 	31,565070036194800 	31,451482401681800 	1,343855600377070 	1,343686715850860 
4,61 	30,938359160632600 	30,796503426585000 	1,343583507040900 	1,343393751007210 
4,71 	30,231140259448200 	30,237749707694500 	1,342827096224760 	1,342799289943530 
4,81 	29,448479347985700 	29,584864982259100 	1,341550628966700 	1,342118901902680 
4,91 	28,597531882656100 	29,002273238603300 	1,339720465386550 	1,341154447448250 
5,00 	27,780731171244800 	27,537584830959200 	1,337574517207090 	1,336918193916160 
5,01 	27,687336967421400 	27,578233871078900 	1,337305978409910 	1,337167740251830 
5,11 	26,728478580610400 	26,955865766646200 	1,334280487747780 	1,335342449952930 
5,21 	25,732639818734600 	25,152308675292900 	1,330622173989750 	1,328208440503600 
5,31 	24,712089849493400 	24,656211579821500 	1,326314927959760 	1,326018114985200 
5,41 	23,679150984236400 	23,681974851920500 	1,321349088734960 	1,321490848606670 
5,51 	22,645693618361600 	22,302681342138700 	1,315722025600070 	1,313813489513810 
5,61 	21,622700056528900 	21,368622278773700 	1,309438525004510 	1,307714306034090 
5,71 	20,619926278703500 	20,632386448521000 	1,302510953143450 	1,302580989707550 
5,81 	19,645676254612900 	19,446432744936400 	1,294959177435140 	1,292930082444380 
5,91 	18,706689311610300 	19,007222979047900 	1,286810244800050 	1,289428406565850 
6,00 	17,896050691123500 	17,883547768135800 	1,278993343004750 	1,278787933946590 
6,01 	17,808129535352300 	17,727717208497000 	1,278097829835210 	1,277353523680610 
6,11 	16,953658481391300 	16,838552795676300 	1,268861480180990 	1,267428671319670 
6,21 	16,145568832316500 	16,154215429183900 	1,259145698173860 	1,259292868859500 
6,31 	15,384956501989800 	15,474462439821700 	1,248998906172810 	1,250551807207530 
6,41 	14,671911085544400 	14,667575662652100 	1,238472347113760 	1,238455620720590 
6,51 	14,005708399794300 	14,114813017550400 	1,227618971793160 	1,229195619122010 
6,61 	13,384993206925400 	13,275989923081800 	1,216492360511540 	1,214279284209440 
6,71 	12,807944372252800 	12,216939889170900 	1,205145719809060 	1,196059662091340 
6,81 	12,272418257778400 	12,249910121062600 	1,193630986112900 	1,193290815024250 
6,91 	11,776068916738000 	11,977191011673000 	1,181998058268650 	1,186670436717260 
7,00 	11,360825996155000 	11,309680953034900 	1,171466470056700 	1,170110727099700 
7,01 	11,316445619625800 	11,287398120916200 	1,170294171132660 	1,169495814441540 
7,11 	10,891069500961300 	11,934009472209400 	1,158563413459600 	1,185277031299900 
7,21 	10,497491806968400 	10,583531860368800 	1,146846385781380 	1,149479682574300 
7,31 	10,133336494748800 	10,256052024107700 	1,135179988137190 	1,139334014094950 
7,41 	9,796329916937460 	10,062043922759900 	1,123597323453380 	1,133822713408180 
7,51 	9,484320131412380 	9,877014818836980 	1,112127699979530 	1,128363348794010 
7,61 	9,195288085913580 	9,549411323254810 	1,100796715240310 	1,116324748448940 
7,71 	8,927352600503290 	9,329806004734850 	1,089626404174410 	1,108349044939160 
7,81 	8,678770744607860 	9,104812428219860 	1,078635435197670 	1,099641903120630 
7,91 	8,447934902509770 	8,652569363924530 	1,067839339560450 	1,079923227784600 
8,00 	8,254131732286260 	8,207284272466090 	1,058299975982530 	1,058635121251590 
8,01 	8,233367553192230 	8,324177130940110 	1,057250761319430 	1,065544421398890 
8,11 	8,033714561594340 	8,374420300143080 	1,046879717311930 	1,067303468881190 
8,21 	7,847737588204780 	8,397347316121810 	1,036733858554580 	1,067785530541060 
8,31 	7,674306069478280 	7,635513654450090 	1,026818726386130 	1,027446289896960 
8,41 	7,512389098500710 	8,123626491991600 	1,017137998371320 	1,054565100879120 
8,51 	7,361047438951160 	7,985516173017360 	1,007693720449110 	1,047640474216610 
8,61 	7,219425831149580 	7,246067213862660 	0,998486523035245 	1,002773413838160 
8,71 	7,086745692658420 	7,212690290812070 	0,989515819785961 	1,005010076064630 
8,81 	6,962298273906100 	6,869244646531900 	0,980779988515357 	0,974700470179221 
8,91 	6,845438298545980 	6,761001899421900 	0,972276534358564 	0,966594090629859 
9,00 	6,746264773143000 	6,681291491367510 	0,964819458277679 	0,960598125819309 
9,01 	6,735578096229870 	6,652493211367380 	0,964002235713850 	0,958230618388842 
9,11 	6,632182220110010 	6,517238810640100 	0,955953273805674 	0,947250663563244 
9,21 	6,534762531059690 	6,440130475941560 	0,948125346912875 	0,940755435896683 
9,31 	6,442873724031330 	6,358960694988230 	0,940513770424014 	0,933457465578427 
9,41 	6,356109268161580 	6,203027635813870 	0,933113563934931 	0,919232865808525 
9,51 	6,274097730411380 	6,161897900963270 	0,925919526608145 	0,915248666056637 
9,61 	6,196499452118460 	6,177729114839130 	0,918926301983330 	0,916568770089671 
9,71 	6,123003548395860 	6,107105761676950 	0,912128433373593 	0,910072755046703 
9,81 	6,053325201509220 	6,062073809251710 	0,905520410912063 	0,906313671349219 
9,91 	5,987203220963910 	6,007722298009580 	0,899096711234134 	0,901299005940235 
10,00 	5,930535558239340 	5,951373168784640 	0,893468427876396 	0,895509235500779 
10,01 	5,924397844859580 	5,983495855559630 	0,892851830697296 	0,901533581700473 
10,11 	5,864688758995250 	5,842079794734040 	0,886780312956620 	0,884496022287312 
10,21 	5,807873312149240 	5,817905964362660 	0,880876771632138 	0,881756561750980 
10,31 	5,753764907854280 	5,747927582494860 	0,875135908726263 	0,874714630046169 
10,41 	5,702191554800080 	5,718043472395100 	0,869552529376248 	0,871435914921396 
10,51 	5,652994559701110 	5,660946727469600 	0,864121553458968 	0,864919531046896 
10,61 	5,606027348052260 	5,602939348000520 	0,858838024503412 	0,858469622698284 
10,71 	5,561154399656540 	5,553868428275320 	0,853697116310179 	0,852988235625960 
10,81 	5,518250287143810 	5,543404198730960 	0,848694137626741 	0,852449126793514 
10,91 	5,477198806915310 	5,479323873177330 	0,843824535182148 	0,844304003763719 
11,00 	5,441747244105980 	5,437597122922870 	0,839552278903172 	0,839254875097279 
11,01 	5,437892193047220 	5,438416450048720 	0,839083895344716 	0,839227570057458 
11,11 	5,400230405680260 	5,392995699158890 	0,834467944630740 	0,833497765506696 
11,21 	5,364120486312580 	5,367972154212030 	0,829972549260979 	0,830577499798396 
11,31 	5,329475973215130 	5,324543590256480 	0,825593713934226 	0,824909990224114 
11,41 	5,296216370904820 	5,301961806183180 	0,821327579963206 	0,822046941628944 
11,51 	5,264266668252530 	5,262306626593700 	0,817170422897078 	0,816835159263209 
11,61 	5,233556900375500 	5,235659768932500 	0,813118649736580 	0,813642700517219 
11,71 	5,204021749975260 	5,200155030537440 	0,809168795831973 	0,808608008922312 
11,81 	5,175600184238270 	5,177459925470430 	0,805317521540223 	0,805581308890163 
11,91 	5,148235123823260 	5,143474390924020 	0,801561608705999 	0,800914593853181 
12,00 	5,124465652404320 	5,125509608319700 	0,798260256421158 	0,798378784158615 
12,01 	5,121873140822270 	5,124522715740850 	0,797897957020795 	0,798187915843342 
12,11 	5,096464182905090 	5,061747624595350 	0,794323580305696 	0,789515402019271 
12,21 	5,071961321145900 	5,077438699837920 	0,790835602755697 	0,791540251034375 
12,31 	5,048320519287360 	5,034875689823300 	0,787431255177018 	0,785537531601515 
12,41 	5,025500422427240 	5,027628939749050 	0,784107871243254 	0,784352761288185 
12,51 	5,003462163316580 	4,991838369612770 	0,780862883791480 	0,778741368380043 
12,61 	4,982169184642040 	4,978865170062320 	0,777693821175353 	0,777376906701868 
12,71 	4,961587075827200 	4,963830999597130 	0,774598303688819 	0,774736071895238 
12,81 	4,941683423034060 	4,914709225110050 	0,771574040071111 	0,767488131366773 
12,91 	4,922427671175730 	4,907244584798010 	0,768618824101230 	0,766389767546161 
13,00 	4,905627593409170 	4,892078414658230 	0,766016407938602 	0,763669969034625 
13,01 	4,903790996868660 	4,891401344246590 	0,765730531288044 	0,763947748749089 
13,11 	4,885746191356090 	4,879932812438360 	0,762907115660368 	0,761851142032199 
13,21 	4,868267552528880 	4,876858654278700 	0,760146606659904 	0,761512619398355 
13,31 	4,851330785253000 	4,850793418733950 	0,757447106138752 	0,757646957056041 
13,41 	4,834912909288540 	4,816722014163860 	0,754806785462110 	0,752618715017328 
13,51 	4,818992174152380 	4,828593172282000 	0,752223882716013 	0,753944413511121 
13,61 	4,803547980337320 	4,819641777432880 	0,749696700019245 	0,751994038768748 
13,71 	4,788560806355130 	4,780098941299850 	0,747223600937999 	0,746088290902889 
13,81 	4,774012141119960 	4,768367348815050 	0,744803008001444 	0,743852044962762 
13,91 	4,759884421232380 	4,751389203897820 	0,742433400315974 	0,741062629216748 
14,00 	4,747515583109140 	4,741566156794240 	0,740343132552883 	0,739255879969237 
14,01 	4,746160972765030 	4,731370016757380 	0,740113311275673 	0,737547426175398 
14,11 	4,732825957185550 	4,744600706202440 	0,737841326366302 	0,739759204907090 
14,21 	4,719864321085910 	4,718054315958850 	0,735616081059985 	0,735463219056496 
14,31 	4,707261749416080 	4,705240117326120 	0,733436258797642 	0,733030561211168 
14,41 	4,695004621946240 	4,691021131155240 	0,731300589056200 	0,730479849805881 
14,51 	4,683079972706240 	4,678810214613540 	0,729207845497521 	0,728436068848957 
14,61 	4,671475452172210 	4,667148413974600 	0,727156844196041 	0,726433081396455 
14,71 	4,660179291990150 	4,657768084150110 	0,725146441942097 	0,724822579838275 
14,81 	4,649180272043910 	4,643965211077770 	0,723175534617964 	0,722303976977443 
14,91 	4,638467689691530 	4,637063366196050 	0,721243055643681 	0,720551241397834 
15,01 	4,628031331008110 	4,623886661161110 	0,719347974489794 	0,718756690635424 

