Độ tương tác 	IPR Chính xác	IPR VQE	VNE Chính xác	VNE VQE
0,01	24,15394098	24,25750077	1,22183464	1,222855252
0,11	24,39932101	24,51879683	1,224535959	1,226116156
0,21	24,64836801	24,59329521	1,227261752	1,226582604
0,31	24,90113823	24,83014583	1,230012539	1,229330935
0,41	25,15768212	25,08004707	1,232788816	1,232177026
0,51	25,41804297	25,33044865	1,235591055	1,234411997
0,61	25,68225527	25,52548385	1,238419694	1,236520749
0,71	25,95034274	25,99057486	1,241275125	1,24162845
0,81	26,22231605	26,25129565	1,244157691	1,244581692
0,91	26,49817014	26,32428172	1,247067668	1,245778275
1,01	26,77788102	26,75547846	1,250005256	1,250190103
1,11	27,06140208	27,00905081	1,25297056	1,252704338
1,21	27,34865972	27,25589074	1,255963575	1,255659728
1,31	27,63954822	27,6308742	1,258984164	1,25883952
1,41	27,93392376	27,95415589	1,262032035	1,262338805
1,51	28,23159744	28,19674751	1,265106714	1,264802702
1,61	28,53232708	28,4821929	1,268207515	1,267787961
1,71	28,83580773	28,84807714	1,271333504	1,271236594
1,81	29,14166063	29,23290565	1,274483462	1,275321116
1,91	29,44942046	29,45137426	1,277655837	1,277684593
2,01	29,75852057	29,66509933	1,280848698	1,279847597
2,11	30,06827612	30,08284509	1,284059671	1,284091004
2,21	30,3778648	30,51025406	1,287285885	1,288637279
2,31	30,68630496	30,67126162	1,290523895	1,290459568
2,41	30,99243105	30,93402685	1,293769604	1,293449869
2,51	31,29486635	31,17751559	1,297018178	1,295571785
2,61	31,59199291	31,59605402	1,30026395	1,299805706
2,71	31,88191919	31,82903201	1,303500316	1,301989438
2,81	32,16244575	32,12797627	1,306719621	1,305202547
2,91	32,43103006	32,45971723	1,309913043	1,31006812
3,01	32,68475164	32,58337817	1,313070462	1,312250463
3,11	32,92027971	32,84248841	1,316180328	1,31553196
3,21	33,13384598	33,21091042	1,319229525	1,320171293
3,31	33,32122621	33,33866701	1,322203236	1,322405234
3,41	33,4777351	33,45166312	1,325084805	1,324804625
3,51	33,59823999	33,61772756	1,327855618	1,328395408
3,61	33,67719974	33,66674851	1,33049499	1,330030206
3,71	33,70873545	33,9723385	1,332980076	1,333158855
3,81	33,68673997	33,67814299	1,335285817	1,334948052
3,91	33,60503161	33,58997917	1,337384924	1,337483677
4,01	33,4575558	33,36551606	1,339247915	1,340337635
4,11	33,23863423	33,3136739	1,340843221	1,340710705
4,21	32,9432561	32,87421596	1,342137359	1,342570069
4,31	32,56739901	32,53399864	1,343095204	1,343363552
4,41	32,10836005	32,0975139	1,343680354	1,343741015
4,51	31,56507004	31,4514824	1,3438556	1,343686716
4,61	30,93835916	30,79650343	1,343583507	1,343393751
4,71	30,23114026	30,23774971	1,342827096	1,34279929
4,81	29,44847935	29,58486498	1,341550629	1,342118902
4,91	28,59753188	29,00227324	1,339720465	1,341154447
5,01	27,68733697	27,57823387	1,337305978	1,33716774
5,11	26,72847858	26,95586577	1,334280488	1,33534245
5,21	25,73263982	25,15230868	1,330622174	1,328208441
5,31	24,71208985	24,65621158	1,326314928	1,326018115
5,41	23,67915098	23,68197485	1,321349089	1,321490849
5,51	22,64569362	22,30268134	1,315722026	1,31381349
5,61	21,62270006	21,36862228	1,309438525	1,307714306
5,71	20,61992628	20,63238645	1,302510953	1,30258099
5,81	19,64567625	19,44643274	1,294959177	1,292930082
5,91	18,70668931	19,00722298	1,286810245	1,289428407
6,01	17,80812954	17,72771721	1,27809783	1,277353524
6,11	16,95365848	16,8385528	1,26886148	1,267428671
6,21	16,14556883	16,15421543	1,259145698	1,259292869
6,31	15,3849565	15,47446244	1,248998906	1,250551807
6,41	14,67191109	14,66757566	1,238472347	1,238455621
6,51	14,0057084	14,11481302	1,227618972	1,229195619
6,61	13,38499321	13,27598992	1,216492361	1,214279284
6,71	12,80794437	12,21693989	1,20514572	1,196059662
6,81	12,27241826	12,24991012	1,193630986	1,193290815
6,91	11,77606892	11,97719101	1,181998058	1,186670437
7,01	11,31644562	11,28739812	1,170294171	1,169495814
7,11	10,8910695	11,93400947	1,158563413	1,185277031
7,21	10,49749181	10,58353186	1,146846386	1,149479683
7,31	10,13333649	10,25605202	1,135179988	1,139334014
7,41	9,796329917	10,06204392	1,123597323	1,133822713
7,51	9,484320131	9,877014819	1,1121277	1,128363349
7,61	9,195288086	9,549411323	1,100796715	1,116324748
7,71	8,927352601	9,329806005	1,089626404	1,108349045
7,81	8,678770745	9,104812428	1,078635435	1,099641903
7,91	8,447934903	8,652569364	1,06783934	1,079923228
8,01	8,233367553	8,324177131	1,057250761	1,065544421
8,11	8,033714562	8,3744203	1,046879717	1,067303469
8,21	7,847737588	8,397347316	1,036733859	1,067785531
8,31	7,674306069	7,635513654	1,026818726	1,02744629
8,41	7,512389099	8,123626492	1,017137998	1,054565101
8,51	7,361047439	7,985516173	1,00769372	1,047640474
8,61	7,219425831	7,246067214	0,998486523	1,002773414
8,71	7,086745693	7,212690291	0,98951582	1,005010076
8,81	6,962298274	6,869244647	0,980779989	0,97470047
8,91	6,845438299	6,761001899	0,972276534	0,966594091
9,01	6,735578096	6,652493211	0,964002236	0,958230618
9,11	6,63218222	6,517238811	0,955953274	0,947250664
9,21	6,534762531	6,440130476	0,948125347	0,940755436
9,31	6,442873724	6,358960695	0,94051377	0,933457466
9,41	6,356109268	6,203027636	0,933113564	0,919232866
9,51	6,27409773	6,161897901	0,925919527	0,915248666
9,61	6,196499452	6,177729115	0,918926302	0,91656877
9,71	6,123003548	6,107105762	0,912128433	0,910072755
9,81	6,053325202	6,062073809	0,905520411	0,906313671
9,91	5,987203221	6,007722298	0,899096711	0,901299006
10,01	5,924397845	5,983495856	0,892851831	0,901533582
10,11	5,864688759	5,842079795	0,886780313	0,884496022
10,21	5,807873312	5,817905964	0,880876772	0,881756562
10,31	5,753764908	5,747927582	0,875135909	0,87471463
10,41	5,702191555	5,718043472	0,869552529	0,871435915
10,51	5,65299456	5,660946727	0,864121553	0,864919531
10,61	5,606027348	5,602939348	0,858838025	0,858469623
10,71	5,5611544	5,553868428	0,853697116	0,852988236
10,81	5,518250287	5,543404199	0,848694138	0,852449127
10,91	5,477198807	5,479323873	0,843824535	0,844304004
11,01	5,437892193	5,43841645	0,839083895	0,83922757
11,11	5,400230406	5,392995699	0,834467945	0,833497766
11,21	5,364120486	5,367972154	0,829972549	0,8305775
11,31	5,329475973	5,32454359	0,825593714	0,82490999
11,41	5,296216371	5,301961806	0,82132758	0,822046942
11,51	5,264266668	5,262306627	0,817170423	0,816835159
11,61	5,2335569	5,235659769	0,81311865	0,813642701
11,71	5,20402175	5,200155031	0,809168796	0,808608009
11,81	5,175600184	5,177459925	0,805317522	0,805581309
11,91	5,148235124	5,143474391	0,801561609	0,800914594
12,01	5,121873141	5,124522716	0,797897957	0,798187916
12,11	5,096464183	5,061747625	0,79432358	0,789515402
12,21	5,071961321	5,0774387	0,790835603	0,791540251
12,31	5,048320519	5,03487569	0,787431255	0,785537532
12,41	5,025500422	5,02762894	0,784107871	0,784352761
12,51	5,003462163	4,99183837	0,780862884	0,778741368
12,61	4,982169185	4,97886517	0,777693821	0,777376907
12,71	4,961587076	4,963831	0,774598304	0,774736072
12,81	4,941683423	4,914709225	0,77157404	0,767488131
12,91	4,922427671	4,907244585	0,768618824	0,766389768
13,01	4,903790997	4,891401344	0,765730531	0,763947749
13,11	4,885746191	4,879932812	0,762907116	0,761851142
13,21	4,868267553	4,876858654	0,760146607	0,761512619
13,31	4,851330785	4,850793419	0,757447106	0,757646957
13,41	4,834912909	4,816722014	0,754806785	0,752618715
13,51	4,818992174	4,828593172	0,752223883	0,753944414
13,61	4,80354798	4,819641777	0,7496967	0,751994039
13,71	4,788560806	4,780098941	0,747223601	0,746088291
13,81	4,774012141	4,768367349	0,744803008	0,743852045
13,91	4,759884421	4,751389204	0,7424334	0,741062629
14,01	4,746160973	4,731370017	0,740113311	0,737547426
14,11	4,732825957	4,744600706	0,737841326	0,739759205
14,21	4,719864321	4,718054316	0,735616081	0,735463219
14,31	4,707261749	4,705240117	0,733436259	0,733030561
14,41	4,695004622	4,691021131	0,731300589	0,73047985
14,51	4,683079973	4,678810215	0,729207845	0,728436069
14,61	4,671475452	4,667148414	0,727156844	0,726433081
14,71	4,660179292	4,657768084	0,725146442	0,72482258
14,81	4,649180272	4,643965211	0,723175535	0,722303977
14,91	4,63846769	4,637063366	0,721243056	0,720551241
15,01	4,628031331	4,623886661	0,719347974	0,718756691
