Độ tương tác (N_particles * U/J)	Số lớp (Reps)	Số tham số (Params)	Sai số năng lượng
      2	                              2	                8	                 0,246742
      2	                              3	                12	               0,101794
2	4	16	0,000129
2	5	20	0,000048
2	6	24	0,00006
2	7	28	0,000018
2	8	32	0,000063
5	2	8	0,576537
5	3	12	0,064575
5	4	16	0,000282
5	5	20	0,000023
5	6	24	0,000022
5	7	28	0,000027
5	8	32	0,00009
10	2	8	1,224321
10	3	12	0,070108
10	4	16	0,000167
10	5	20	0,000067
10	6	24	0,000029
10	7	28	0,000019
10	8	32	0,000032
15	2	8	0,225527
15	3	12	0,340906
15	4	16	0,000046
15	5	20	0,000065
15	6	24	0,000039
15	7	28	0,000009
15	8	32	0,000017
